E/MotionService: -3.20856E-6,-3.8249017E-4,-0.045596384
E/MotionService: -3.20856E-6,-3.8249017E-4,-0.04532797
E/MotionService: -1.51660615E-5,-9.502969E-4,-0.045125224
E/MotionService: -2.6313133E-5,-0.0013288347,-0.045125224
E/MotionService: -2.6313133E-5,-0.0013288347,-0.044022568
E/MotionService: -4.9907278E-5,-0.0018750944,-0.043412827
E/MotionService: -6.869162E-5,-0.0022392676,-0.043412827
E/MotionService: -6.869162E-5,-0.0022392676,-0.04383651
E/MotionService: -9.058594E-5,-0.002610007,-0.044195585
E/MotionService: -1.304249E-4,-0.0031661163,-0.044195585
E/MotionService: -1.304249E-4,-0.0031661163,-0.043523967
E/MotionService: -1.6041222E-4,-0.003574768,-0.04871508
E/MotionService: -2.1310625E-4,-0.0041877455,-0.04871508
E/MotionService: -2.1310625E-4,-0.0041877455,-0.04984787
E/MotionService: -2.517217E-4,-0.0046033226,-0.049540676
E/MotionService: -3.1748868E-4,-0.0052266885,-0.049540676
E/MotionService: -3.1748868E-4,-0.0052266885,-0.0480535
E/MotionService: -3.4021537E-4,-0.0054184655,-0.04572315
E/MotionService: -4.1563477E-4,-0.0059937956,-0.04572315
E/MotionService: -4.1563477E-4,-0.0059937956,-0.044836424
E/MotionService: -4.6894175E-4,-0.006354686,-0.043021448
E/MotionService: -5.557138E-4,-0.006896021,-0.043021448
E/MotionService: -5.557138E-4,-0.006896021,-0.043053363
E/MotionService: -6.166359E-4,-0.0072624823,-0.043685608
E/MotionService: -6.8063213E-4,-0.007628944,-0.043685608
E/MotionService: -7.134145E-4,-0.007815933,-0.044581626
E/MotionService: -7.8210724E-4,-0.008188815,-0.044451028
E/MotionService: -8.539279E-4,-0.008561697,-0.044451028
E/MotionService: -8.539279E-4,-0.008561697,-0.044372898
E/MotionService: -9.2889345E-4,-0.008936585,-0.044690114
E/MotionService: -0.0010484175,-0.009498917,-0.044690114
E/MotionService: -0.0010484175,-0.009498917,-0.045875557
E/MotionService: -0.0011313749,-0.009889279,-0.046534818
E/MotionService: -0.0012631787,-0.010474822,-0.046534818
E/MotionService: -0.0012631787,-0.010474822,-0.047247052
E/MotionService: -0.0013544514,-0.0108805625,-0.04836812
E/MotionService: -0.0014990186,-0.011489174,-0.04836812
E/MotionService: -0.0014990186,-0.011489174,-0.048944816
E/MotionService: -0.0015988844,-0.011904918,-0.049560457
E/MotionService: -0.0017565298,-0.012528532,-0.049560457
E/MotionService: -0.0017565298,-0.012528532,-0.052915208
E/MotionService: -0.0018656754,-0.013011182,-0.057536297
E/MotionService: -0.00197887,-0.013493831,-0.057536297
E/MotionService: -0.002036526,-0.013746272,-0.060186446
E/MotionService: -0.002155976,-0.014239525,-0.05880044
E/MotionService: -0.0022795633,-0.014732779,-0.05880044
E/MotionService: -0.0022795633,-0.014732779,-0.05522328
E/MotionService: -0.0024068626,-0.015175239,-0.052745383
E/MotionService: -0.0026061623,-0.01583893,-0.052745383
E/MotionService: -0.0026061623,-0.01583893,-0.05041587
E/MotionService: -0.0027424067,-0.016241584,-0.047999963
E/MotionService: -0.002954373,-0.016845563,-0.047999963
E/MotionService: -0.002954373,-0.016845563,-0.03996097
E/MotionService: -0.0030983856,-0.017167669,-0.03839802
E/MotionService: -0.0032451004,-0.017489774,-0.03839802
E/MotionService: -0.0032451004,-0.017489774,-0.01945233
E/MotionService: -0.0034623048,-0.017261857,0.01811324
E/MotionService: -0.0036058333,-0.017109912,0.01811324
E/MotionService: -0.0036058333,-0.017109912,0.07132639
E/MotionService: -0.003738143,-0.015772559,0.15942486
E/MotionService: -0.003911366,-0.01376653,0.15942486
E/MotionService: -0.003911366,-0.01376653,0.29958797
E/MotionService: -0.003993361,-0.009774538,0.47588265
E/MotionService: -0.004041007,-0.0037865485,0.47588265
E/MotionService: -0.004041007,-0.0037865485,0.6787075
E/MotionService: -0.0040108827,0.0035910984,0.87948406
E/MotionService: -0.0038264478,0.014657568,0.87948406
E/MotionService: -0.0038264478,0.014657568,1.0539765
E/MotionService: -0.003619681,0.024648499,1.1910119
E/MotionService: -0.0033291045,0.03463943,1.1910119
E/MotionService: -0.0033291045,0.03463943,1.2637342
E/MotionService: -0.0026882323,0.050931938,1.2948124
E/MotionService: -0.0021698698,0.06179361,1.2948124
E/MotionService: -0.0021698698,0.06179361,1.2584765
E/MotionService: -0.0015669113,0.071878254,1.2021837
E/MotionService: -4.7213235E-4,0.08700523,1.2021837
E/MotionService: -4.7213235E-4,0.08700523,1.1529024
E/MotionService: 3.363096E-4,0.0963738,1.1168203
E/MotionService: 0.0017257982,0.11042665,1.1168203
E/MotionService: 0.0017257982,0.11042665,1.0859812
E/MotionService: 0.0027269218,0.11934322,1.0629379
E/MotionService: 0.003802843,0.1282598,1.0629379
E/MotionService: 0.003802843,0.1282598,1.0291342
E/MotionService: 0.004947721,0.13648012,0.9799401
E/MotionService: 0.0068201916,0.14881063,0.9799401
E/MotionService: 0.0068201916,0.14881063,0.8964918
E/MotionService: 0.008123282,0.15534055,0.7784271
E/MotionService: 0.010201167,0.16513543,0.7784271
E/MotionService: 0.010201167,0.16513543,0.61974925
E/MotionService: 0.011617962,0.16889507,0.4481843
E/MotionService: 0.013066295,0.1726547,0.4481843
E/MotionService: 0.013795114,0.17376421,0.2645284
E/MotionService: 0.015259619,0.17458256,0.09755424
E/MotionService: 0.017471822,0.17581007,0.09755424
E/MotionService: 0.017471822,0.17581007,-0.052500904
E/MotionService: 0.018934585,0.17437491,-0.17108433
E/MotionService: 0.020385308,0.17293975,-0.17108433
E/MotionService: 0.020385308,0.17293975,-0.27050185
E/MotionService: 0.021811571,0.17002375,-0.34761283
E/MotionService: 0.023895927,0.16564977,-0.34761283
E/MotionService: 0.023895927,0.16564977,-0.41314676
E/MotionService: 0.025252666,0.16173598,-0.4665607
E/MotionService: 0.027213905,0.1558653,-0.4665607
E/MotionService: 0.027213905,0.1558653,-0.5192314
E/MotionService: 0.028481456,0.15110372,-0.56762385
E/MotionService: 0.030292908,0.14396136,-0.56762385
E/MotionService: 0.030292908,0.14396136,-0.6316028
E/MotionService: 0.031451352,0.13809714,-0.69907
E/MotionService: 0.0325606,0.13223292,-0.69907
E/MotionService: 0.0325606,0.13223292,-0.7807183
E/MotionService: 0.033609718,0.1250643,-0.8545656
E/MotionService: 0.035048086,0.114311375,-0.8545656
E/MotionService: 0.035048086,0.114311375,-0.92592525
E/MotionService: 0.03633102,0.10195838,-0.9817281
E/MotionService: 0.037117228,0.093723044,-0.9817281
E/MotionService: 0.037117228,0.093723044,-1.0333561
E/MotionService: 0.037827983,0.08472884,-1.0721928
E/MotionService: 0.03846329,0.07573463,-1.0721928
E/MotionService: 0.03846329,0.07573463,-1.1005872
E/MotionService: 0.03924,0.06172728,-1.1132041
E/MotionService: 0.03967947,0.052389048,-1.1132041
E/MotionService: 0.03967947,0.052389048,-1.1190921
E/MotionService: 0.04004039,0.043024745,-1.1163119
E/MotionService: 0.04040502,0.028978292,-1.1163119
E/MotionService: 0.04040502,0.028978292,-1.1009772
E/MotionService: 0.04057229,0.01993984,-1.0774674
E/MotionService: 0.040652595,0.0063821627,-1.0774674
E/MotionService: 0.040652595,0.0063821627,-1.042492
E/MotionService: 0.040636037,-0.001974007,-0.9961331
E/MotionService: 0.04045348,-0.014508261,-0.9961331
E/MotionService: 0.04045348,-0.014508261,-0.9386502
E/MotionService: 0.040269908,-0.021883225,-0.8791643
E/MotionService: 0.039855354,-0.03294567,-0.8791643
E/MotionService: 0.039855354,-0.03294567,-0.8175746
E/MotionService: 0.039525412,-0.03933218,-0.7613315
E/MotionService: 0.039141897,-0.045718692,-0.7613315
E/MotionService: 0.039141897,-0.045718692,-0.70510554
E/MotionService: 0.038463887,-0.053883485,-0.64887965
E/MotionService: 0.037966218,-0.059326682,-0.64887965
E/MotionService: 0.037966218,-0.059326682,-0.58491135
E/MotionService: 0.03743213,-0.06366835,-0.5175673
E/MotionService: 0.03654905,-0.07018085,-0.5175673
E/MotionService: 0.03654905,-0.07018085,-0.45108503
E/MotionService: 0.035932504,-0.07349811,-0.3954482
E/MotionService: 0.03494507,-0.078474,-0.3954482
E/MotionService: 0.03494507,-0.078474,-0.34702456
E/MotionService: 0.034265496,-0.08101173,-0.30252066
E/MotionService: 0.03356463,-0.083549455,-0.30252066
E/MotionService: 0.03356463,-0.083549455,-0.26037472
E/MotionService: 0.032848045,-0.085423596,-0.22341534
E/MotionService: 0.031737793,-0.08823481,-0.22341534
E/MotionService: 0.031737793,-0.08823481,-0.1906876
E/MotionService: 0.030986186,-0.08959866,-0.1625837
E/MotionService: 0.029833032,-0.091644436,-0.1625837
E/MotionService: 0.029833032,-0.091644436,-0.14010462
E/MotionService: 0.029055666,-0.09266912,-0.12215188
E/MotionService: 0.027870279,-0.09420615,-0.12215188
E/MotionService: 0.027870279,-0.09420615,-0.105085514
E/MotionService: 0.027073648,-0.09496584,-0.09056188
E/MotionService: 0.025864363,-0.09610537,-0.09056188
E/MotionService: 0.025864363,-0.09610537,-0.07875612
E/MotionService: 0.025053356,-0.09667966,-0.0684607
E/MotionService: 0.02423753,-0.09725395,-0.0684607
E/MotionService: 0.02423753,-0.09725395,-0.06180362
E/MotionService: 0.023004688,-0.09797742,-0.057496257
E/MotionService: 0.022178749,-0.098459736,-0.057496257
E/MotionService: 0.022178749,-0.098459736,-0.054068275
E/MotionService: 0.021349456,-0.09885933,-0.04763585
E/MotionService: 0.020516813,-0.09925893,-0.04763585
E/MotionService: 0.020516813,-0.09925893,-0.03666399
E/MotionService: 0.019264365,-0.099535584,-0.02198682
E/MotionService: 0.018008437,-0.09981224,-0.02198682
E/MotionService: 0.018008437,-0.09981224,-0.008371584
E/MotionService: 0.017589834,-0.099802695,0.0022759503
E/MotionService: 0.016334385,-0.099774055,0.0022759503
E/MotionService: 0.016334385,-0.099774055,0.0072628465
E/MotionService: 0.015079916,-0.09969615,0.006190934
E/MotionService: 0.0142440405,-0.09964422,0.006190934
E/MotionService: 0.0142440405,-0.09964422,0.0020719953
E/MotionService: 0.013407985,-0.099665664,-0.0025558379
E/MotionService: 0.012153496,-0.09969782,-0.0025558379
E/MotionService: 0.012153496,-0.09969782,-0.005946581
E/MotionService: 0.011316789,-0.09974325,-0.0054156617
E/MotionService: 0.010060871,-0.09981139,-0.0054156617
E/MotionService: 0.010060871,-0.09981139,-8.980837E-4
E/MotionService: 0.009224004,-0.0997623,0.005852464
E/MotionService: 0.008387549,-0.09971321,0.005852464
E/MotionService: 0.008387549,-0.09971321,0.010617286
E/MotionService: 0.00713475,-0.0995635,0.011897364
E/MotionService: 0.006300388,-0.0994637,0.011897364
E/MotionService: 0.006300388,-0.0994637,0.008951443
E/MotionService: 0.0054663615,-0.09942369,0.0047696494
E/MotionService: 0.0042160773,-0.09936368,0.0047696494
E/MotionService: 0.0042160773,-0.09936368,0.0016308241
E/MotionService: 0.0033827017,-0.099346116,0.0020936553
E/MotionService: 0.00213297,-0.09931977,0.0020936553
E/MotionService: 0.00213297,-0.09931977,0.0029780236
E/MotionService: 0.0013000617,-0.0992904,0.0035009228
E/MotionService: 4.6739983E-4,-0.09926103,0.0035009228
E/MotionService: 4.6739983E-4,-0.09926103,0.002193037
E/MotionService: -3.6537537E-4,-0.099274546,-0.0016107354
E/MotionService: -0.0016147932,-0.09929481,-0.0016107354
E/MotionService: -0.0016147932,-0.09929481,-0.005607927
E/MotionService: -0.0024482608,-0.09935709,-0.007424675
E/MotionService: -0.0036996377,-0.09945051,-0.007424675
E/MotionService: -0.0036996377,-0.09945051,-0.00837223
E/MotionService: -0.0045346394,-0.09953997,-0.010664218
E/MotionService: -0.0057888306,-0.09967416,-0.010664218
E/MotionService: -0.0057888306,-0.09967416,-0.013662891
E/MotionService: -0.0066262167,-0.09982422,-0.017888578
E/MotionService: -0.0074648615,-0.09997428,-0.017888578
E/MotionService: -0.0074648615,-0.09997428,-0.020940756
E/MotionService: -0.008305199,-0.10017611,-0.024059705
E/MotionService: -0.009569516,-0.10047885,-0.024059705
E/MotionService: -0.009569516,-0.10047885,-0.026063096
E/MotionService: -0.010414287,-0.100704566,-0.026907345
E/MotionService: -0.011685704,-0.101043135,-0.026907345
E/MotionService: -0.011685704,-0.101043135,-0.027138315
E/MotionService: -0.012535308,-0.10128067,-0.028315771
E/MotionService: -0.013814196,-0.10163696,-0.028315771
E/MotionService: -0.013814196,-0.10163696,-0.02755399
E/MotionService: -0.014668581,-0.10185066,-0.025475098
E/MotionService: -0.015524759,-0.102064356,-0.025475098
E/MotionService: -0.015524759,-0.102064356,-0.025612658
E/MotionService: -0.016813122,-0.102389835,-0.025866902
E/MotionService: -0.01767385,-0.102606826,-0.025866902
E/MotionService: -0.01767385,-0.102606826,-0.025899824
E/MotionService: -0.018536491,-0.10283478,-0.027174879
E/MotionService: -0.019834755,-0.10317672,-0.027174879
E/MotionService: -0.019834755,-0.10317672,-0.027813802
E/MotionService: -0.020702278,-0.103416815,-0.02862152
E/MotionService: -0.022008095,-0.103776954,-0.02862152
E/MotionService: -0.022008095,-0.103776954,-0.029003836
E/MotionService: -0.022880668,-0.10401881,-0.028831393
E/MotionService: -0.02375527,-0.10426066,-0.028831393
E/MotionService: -0.02375527,-0.10426066,-0.026969932
E/MotionService: -0.025071181,-0.104579285,-0.025322136
E/MotionService: -0.025950238,-0.1047917,-0.025322136
E/MotionService: -0.025950238,-0.1047917,-0.023724647
E/MotionService: -0.02727231,-0.10506891,-0.02203052
E/MotionService: -0.028155243,-0.10525371,-0.02203052
E/MotionService: -0.028155243,-0.10525371,-0.020394126
E/MotionService: -0.029039554,-0.10541817,-0.01960435
E/MotionService: -0.030369125,-0.10566485,-0.01960435
E/MotionService: -0.030369125,-0.10566485,-0.021130728
E/MotionService: -0.031257056,-0.10584965,-0.022030326
E/MotionService: -0.032592442,-0.10612686,-0.022030326
E/MotionService: -0.032592442,-0.10612686,-0.020948827
E/MotionService: -0.03348404,-0.10628707,-0.019098686
E/MotionService: -0.03482447,-0.10652739,-0.019098686
E/MotionService: -0.03482447,-0.10652739,-0.016311126
E/MotionService: -0.03527156,-0.10659511,-0.01614545
E/MotionService: -0.03661539,-0.10679826,-0.01614545
E/MotionService: -0.03661539,-0.10679826,-0.017528336
E/MotionService: -0.037512552,-0.106950015,-0.018090181
E/MotionService: -0.03886116,-0.107177645,-0.018090181
E/MotionService: -0.03886116,-0.107177645,-0.01705946
E/MotionService: -0.03976144,-0.107321896,-0.017195784
E/MotionService: -0.041114584,-0.10753827,-0.017195784
E/MotionService: -0.041114584,-0.10753827,-0.01817542
E/MotionService: -0.04201797,-0.10769225,-0.01835564
E/MotionService: -0.043375958,-0.10792322,-0.01835564
E/MotionService: -0.043375958,-0.10792322,-0.01879276
E/MotionService: -0.04428259,-0.10807868,-0.018532494
E/MotionService: -0.045190524,-0.108234145,-0.018532494
E/MotionService: -0.045190524,-0.108234145,-0.01605917
E/MotionService: -0.046099503,-0.108358525,-0.014827509
E/MotionService: -0.047465317,-0.108545095,-0.014827509
E/MotionService: -0.047465317,-0.108545095,-0.014961893
E/MotionService: -0.048376914,-0.10867104,-0.015014105
E/MotionService: -0.04974669,-0.10885996,-0.015014105
E/MotionService: -0.04974669,-0.10885996,-0.015668038
E/MotionService: -0.050661087,-0.109004885,-0.0172764
E/MotionService: -0.05203542,-0.10922227,-0.0172764
E/MotionService: -0.05203542,-0.10922227,-0.016890047
E/MotionService: -0.05295281,-0.10936128,-0.016571375
E/MotionService: -0.053871367,-0.1095003,-0.016571375
E/MotionService: -0.054330964,-0.10957646,-0.018160433
E/MotionService: -0.05525142,-0.10972704,-0.0179504
E/MotionService: -0.05617314,-0.109877616,-0.0179504
E/MotionService: -0.05617314,-0.109877616,-0.01906675
E/MotionService: -0.057096303,-0.1100496,-0.0205015
E/MotionService: -0.058484294,-0.11030757,-0.0205015
E/MotionService: -0.058484294,-0.11030757,-0.02287176
E/MotionService: -0.059411354,-0.11051447,-0.024664722
E/MotionService: -0.060805853,-0.11082482,-0.024664722
E/MotionService: -0.060805853,-0.11082482,-0.026876044
E/MotionService: -0.061737567,-0.11106908,-0.029118069
E/MotionService: -0.06267133,-0.11131334,-0.029118069
E/MotionService: -0.06313875,-0.11144079,-0.030385531
E/MotionService: -0.064075775,-0.11170197,-0.031134704
E/MotionService: -0.06501499,-0.11196315,-0.031134704
E/MotionService: -0.06501499,-0.11196315,-0.03237078
E/MotionService: -0.06642879,-0.112358436,-0.031414073
E/MotionService: -0.06737353,-0.112621956,-0.031414073
E/MotionService: -0.06737353,-0.112621956,-0.030358972
E/MotionService: -0.06832029,-0.11286282,-0.028713252
E/MotionService: -0.06974498,-0.11322411,-0.028713252
E/MotionService: -0.06974498,-0.11322411,-0.02860108
