
E/MotionService: -3.6296328E-8,-4.3268597E-6,-5.158019E-4
E/MotionService: -3.6296328E-8,-4.3268597E-6,-5.158019E-4
E/MotionService: -2.4540395E-7,-2.4927573E-5,-0.0024557966
E/MotionService: -3.2867545E-6,-1.8127862E-4,-0.009319249
E/MotionService: -3.2867545E-6,-1.8127862E-4,-0.009319249
E/MotionService: -5.597703E-6,-2.7548653E-4,-0.011230458
E/MotionService: -8.977087E-6,-4.0285397E-4,-0.015183383
E/MotionService: -8.977087E-6,-4.0285397E-4,-0.015183383
E/MotionService: -1.3253848E-5,-5.0982955E-4,-0.012752482
E/MotionService: -2.4691037E-5,-6.817096E-4,-0.010244852
E/MotionService: -2.4691037E-5,-6.817096E-4,-0.010244852
E/MotionService: -2.4691037E-5,-6.817096E-4,-0.010245241
E/MotionService: -3.9101185E-5,-8.589118E-4,-0.010562074
E/MotionService: -3.9101185E-5,-8.589118E-4,-0.010562074
E/MotionService: -4.6918576E-5,-9.319055E-4,-0.008701531
E/MotionService: -5.566832E-5,-0.0010430505,-0.013249515
E/MotionService: -5.566832E-5,-0.0010430505,-0.013249515
E/MotionService: -6.480262E-5,-0.0010888929,-0.005464835
E/MotionService: -8.3352876E-5,-0.0011056815,-0.001000679
E/MotionService: -8.3352876E-5,-0.0011056815,-0.001000679
E/MotionService: -9.293861E-5,-0.0011427086,-0.0044139763
E/MotionService: -1.03123624E-4,-0.0012141482,-0.008516274
E/MotionService: -1.03123624E-4,-0.0012141482,-0.008516274
E/MotionService: -1.13887865E-4,-0.0012831977,-0.008231338
E/MotionService: -1.387462E-4,-0.0014816719,-0.01182999
E/MotionService: -1.387462E-4,-0.0014816719,-0.01182999
E/MotionService: -1.387462E-4,-0.0014816719,-0.012766972
E/MotionService: -1.677921E-4,-0.0017312707,-0.014877247
E/MotionService: -1.677921E-4,-0.0017312707,-0.014877247
E/MotionService: -1.8288768E-4,-0.0017995337,-0.008137591
E/MotionService: -1.9865348E-4,-0.0018794297,-0.009524344
E/MotionService: -1.9865348E-4,-0.0018794297,-0.009524344
E/MotionService: -2.1515033E-4,-0.001966577,-0.0103887785
E/MotionService: -2.5017213E-4,-0.0020874615,-0.0072052777
E/MotionService: -2.5017213E-4,-0.0020874615,-0.0072052777
E/MotionService: -2.5017213E-4,-0.0020874615,-0.0071338005
E/MotionService: -2.8678897E-4,-0.0021825333,-0.0056667216
E/MotionService: -2.8678897E-4,-0.0021825333,-0.0056667216
E/MotionService: -3.0510768E-4,-0.0021837603,-1.4626056E-4
E/MotionService: -3.236509E-4,-0.0022105232,-0.0031904057
E/MotionService: -3.424186E-4,-0.0022372862,-0.0031904057
E/MotionService: -3.424186E-4,-0.0022372862,-0.006807243
E/MotionService: -3.8208166E-4,-0.0023641014,-0.0075587733
E/MotionService: -3.8208166E-4,-0.0023641014,-0.0075587733
E/MotionService: -4.024251E-4,-0.0024251277,-0.007274907
E/MotionService: -4.2349004E-4,-0.0025111362,-0.0102530215
E/MotionService: -4.2349004E-4,-0.0025111362,-0.0102530215
E/MotionService: -4.454795E-4,-0.002621347,-0.013138167
E/MotionService: -4.932766E-4,-0.0028489265,-0.0135647915
E/MotionService: -4.932766E-4,-0.0028489265,-0.0135647915
E/MotionService: -4.932766E-4,-0.0028489265,-0.014877539
E/MotionService: -5.442567E-4,-0.003038654,-0.011308645
E/MotionService: -5.442567E-4,-0.003038654,-0.011308645
E/MotionService: -5.706415E-4,-0.003145314,-0.012714847
E/MotionService: -5.9792714E-4,-0.0032527065,-0.012802175
E/MotionService: -5.9792714E-4,-0.0032527065,-0.012802175
E/MotionService: -6.257585E-4,-0.0033177587,-0.0077548246
E/MotionService: -6.82647E-4,-0.0033908177,-0.0043546553
E/MotionService: -6.82647E-4,-0.0033908177,-0.0043546553
E/MotionService: -6.82647E-4,-0.0033908177,-0.003209758
E/MotionService: -7.4010243E-4,-0.0034246119,-0.002014292
E/MotionService: -7.4010243E-4,-0.0034246119,-0.002014292
E/MotionService: -7.6902326E-4,-0.003447633,-0.0027443306
E/MotionService: -8.287099E-4,-0.0035576024,-0.0065546907
E/MotionService: -8.287099E-4,-0.0035576024,-0.0065546907
E/MotionService: -8.287099E-4,-0.0035576024,-0.0046727527
E/MotionService: -8.9029747E-4,-0.0036709034,-0.0067532705
E/MotionService: -8.9029747E-4,-0.0036709034,-0.0067532705
E/MotionService: -9.21801E-4,-0.0037555154,-0.010086533
E/MotionService: -9.53812E-4,-0.003816005,-0.0072109182
E/MotionService: -9.53812E-4,-0.003816005,-0.0072109182
E/MotionService: -9.86267E-4,-0.003868934,-0.006309626
E/MotionService: -0.0010524105,-0.0039424566,-0.0043822736
E/MotionService: -0.0010524105,-0.0039424566,-0.0043822736
E/MotionService: -0.0010861767,-0.004025259,-0.009870837
E/MotionService: -0.0011201109,-0.004045259,-0.002384222
E/MotionService: -0.0011201109,-0.004045259,-0.002384222
E/MotionService: -0.0011546791,-0.0041208505,-0.009011168
E/MotionService: -0.0012263035,-0.004269148,-0.008839234
E/MotionService: -0.0012263035,-0.004269148,-0.008839234
E/MotionService: -0.0012263035,-0.004269148,-0.011348322
E/MotionService: -0.001301768,-0.0044980347,-0.013642687
E/MotionService: -0.001301768,-0.0044980347,-0.013642687
E/MotionService: -0.0013403159,-0.004595262,-0.011590372
E/MotionService: -0.0013795383,-0.0046756803,-0.009586583
E/MotionService: -0.0013795383,-0.0046756803,-0.009586583
E/MotionService: -0.0014192046,-0.004728596,-0.0063080704
E/MotionService: -0.001499245,-0.004770775,-0.002514048
E/MotionService: -0.001499245,-0.004770775,-0.002514048
E/MotionService: -0.0015395712,-0.0048072613,-0.0043495013
E/MotionService: -0.0015803732,-0.004863964,-0.006759494
E/MotionService: -0.0015803732,-0.004863964,-0.006759494
E/MotionService: -0.0016220992,-0.00497413,-0.013132818
E/MotionService: -0.001709379,-0.0052022855,-0.01359912
E/MotionService: -0.001709379,-0.0052022855,-0.01359912
E/MotionService: -0.001709379,-0.0052022855,-0.010083713
E/MotionService: -0.0017991811,-0.005352623,-0.008960794
E/MotionService: -0.0017991811,-0.005352623,-0.008960794
E/MotionService: -0.001844564,-0.0054100575,-0.0068467255
E/MotionService: -0.0018903326,-0.0054560336,-0.005480784
E/MotionService: -0.0018903326,-0.0054560336,-0.005480784
E/MotionService: -0.0019362868,-0.00547818,-0.0026400809
E/MotionService: -0.0020307612,-0.0056311097,-0.00911532
E/MotionService: -0.0020307612,-0.0056311097,-0.00911532
E/MotionService: -0.0020786552,-0.0057094037,-0.00933335
E/MotionService: -0.002126817,-0.0057413257,-0.0038054003
E/MotionService: -0.002126817,-0.0057413257,-0.0038054003
E/MotionService: -0.0021752892,-0.0057783397,-0.0044124206
E/MotionService: -0.0022730331,-0.005825992,-0.002840314
E/MotionService: -0.0022730331,-0.005825992,-0.002840314
E/MotionService: -0.0022730331,-0.005825992,-0.002911791
E/MotionService: -0.0023709906,-0.0058387215,-7.587267E-4
E/MotionService: -0.0023709906,-0.0058387215,-7.587267E-4
E/MotionService: -0.002420096,-0.0058538304,-0.0018011249
E/MotionService: -0.0024697965,-0.005924756,-0.008455008
E/MotionService: -0.0024697965,-0.005924756,-0.008455008
E/MotionService: -0.0025201507,-0.0060026934,-0.009290853
E/MotionService: -0.0026243278,-0.0062094363,-0.012322841
E/MotionService: -0.0026243278,-0.0062094363,-0.012322841
E/MotionService: -0.0026772702,-0.0063112415,-0.012136126
E/MotionService: -0.002731155,-0.0064235483,-0.013387996
E/MotionService: -0.002731155,-0.0064235483,-0.013387996
E/MotionService: -0.002784839,-0.0063996306,0.0028512056
E/MotionService: -0.0028868956,-0.0060830456,0.018869946
E/MotionService: -0.0028868956,-0.0060830456,0.018869946
E/MotionService: -0.0028868956,-0.0060830456,0.04129255
E/MotionService: -0.0029681784,-0.0048448346,0.07380314
E/MotionService: -0.0029681784,-0.0048448346,0.07380314
E/MotionService: -0.0030019775,-0.004029169,0.097234875
E/MotionService: -0.003026416,-0.002913318,0.1330198
E/MotionService: -0.003026416,-0.002913318,0.1330198
E/MotionService: -0.0030403323,-0.0016589488,0.14953247
E/MotionService: -0.0030061346,0.002038338,0.22037548
E/MotionService: -0.0030061346,0.002038338,0.22037548
E/MotionService: -0.0030061346,0.002038338,0.31065616
E/MotionService: -0.0028657713,0.008366304,0.37717623
E/MotionService: -0.0028657713,0.008366304,0.37717623
E/MotionService: -0.0027648492,0.012030855,0.4368485
E/MotionService: -0.0026287897,0.016219556,0.4993322
E/MotionService: -0.0026287897,0.016219556,0.4993322
E/MotionService: -0.0024600867,0.020110957,0.46389115
E/MotionService: -0.002003327,0.027224993,0.4240296
E/MotionService: -0.002003327,0.027224993,0.4240296
E/MotionService: -0.0017500687,0.03019074,0.35354444
E/MotionService: -0.0014755443,0.032725867,0.3022109
E/MotionService: -0.0014755443,0.032725867,0.3022109
E/MotionService: -0.0011854955,0.034576505,0.22061354
E/MotionService: -5.566527E-4,0.037481952,0.17317815
E/MotionService: -5.566527E-4,0.037481952,0.17317815
E/MotionService: -5.566527E-4,0.037481952,0.10665682
E/MotionService: 1.0948145E-4,0.03970469,0.13248552
E/MotionService: 1.0948145E-4,0.03970469,0.13248552
E/MotionService: 4.5125603E-4,0.040742707,0.123741105
E/MotionService: 8.093512E-4,0.042688273,0.23192938
E/MotionService: 8.093512E-4,0.042688273,0.23192938
E/MotionService: 0.0011911967,0.045519527,0.3375116
E/MotionService: 0.0020983208,0.05406881,0.50957704
E/MotionService: 0.0020983208,0.05406881,0.50957704
E/MotionService: 0.0020983208,0.05406881,0.660458
E/MotionService: 0.0032145851,0.06653454,0.7430155
E/MotionService: 0.0032145851,0.06653454,0.7430155
E/MotionService: 0.0038241404,0.07266464,0.73076445
E/MotionService: 0.005221598,0.083294965,0.6336169
E/MotionService: 0.005221598,0.083294965,0.6336169
E/MotionService: 0.005221598,0.083294965,0.5323732
E/MotionService: 0.0067444127,0.090766855,0.44535944
E/MotionService: 0.0067444127,0.090766855,0.44535944
E/MotionService: 0.0075348336,0.0942255,0.41230288
E/MotionService: 0.008352953,0.09752744,0.3936212
E/MotionService: 0.008352953,0.09752744,0.3936212
E/MotionService: 0.009200252,0.10100584,0.41465804
E/MotionService: 0.011011602,0.10796492,0.41479358
E/MotionService: 0.011011602,0.10796492,0.41479358
E/MotionService: 0.011011602,0.10796492,0.4330935
E/MotionService: 0.012943699,0.11516192,0.42897466
E/MotionService: 0.012943699,0.11516192,0.42897466
E/MotionService: 0.013939593,0.11871985,0.42413872
E/MotionService: 0.016042974,0.12537125,0.39645404
E/MotionService: 0.016042974,0.12537125,0.39645404
E/MotionService: 0.016042974,0.12537125,0.39062735
E/MotionService: 0.01825403,0.13178924,0.38254237
E/MotionService: 0.01825403,0.13178924,0.38254237
E/MotionService: 0.019385612,0.13489506,0.37024227
E/MotionService: 0.020541321,0.13777146,0.34289292
E/MotionService: 0.020541321,0.13777146,0.34289292
E/MotionService: 0.02171668,0.14011359,0.27920482
E/MotionService: 0.02412382,0.1434767,0.20045671
E/MotionService: 0.02412382,0.1434767,0.20045671
E/MotionService: 0.02533405,0.14427081,0.09466521
E/MotionService: 0.026544143,0.14425427,-0.0019717948
E/MotionService: 0.026544143,0.14425427,-0.0019717948
E/MotionService: 0.027747028,0.14339499,-0.10243355
E/MotionService: 0.030103019,0.14042796,-0.17684866
E/MotionService: 0.030103019,0.14042796,-0.17684866
E/MotionService: 0.030103019,0.14042796,-0.25470826
E/MotionService: 0.03237652,0.1355113,-0.29305607
E/MotionService: 0.03237652,0.1355113,-0.29305607
E/MotionService: 0.033488646,0.13257569,-0.34995037
E/MotionService: 0.03457485,0.1294856,-0.36836743
E/MotionService: 0.03457485,0.1294856,-0.36836743
E/MotionService: 0.03563084,0.1258838,-0.4293684
E/MotionService: 0.037606616,0.11776533,-0.4838987
E/MotionService: 0.037606616,0.11776533,-0.4838987
E/MotionService: 0.037606616,0.11776533,-0.5383881
E/MotionService: 0.03941743,0.10793304,-0.58605033
E/MotionService: 0.03941743,0.10793304,-0.58605033
E/MotionService: 0.040279593,0.1027779,-0.6145403
E/MotionService: 0.041097533,0.09750583,-0.6284793
E/MotionService: 0.041097533,0.09750583,-0.6284793
E/MotionService: 0.04187255,0.09238915,-0.60995567
E/MotionService: 0.04324265,0.08166422,-0.6392558
E/MotionService: 0.04324265,0.08166422,-0.6392558
E/MotionService: 0.043880507,0.076038636,-0.6706221
E/MotionService: 0.04446954,0.07021808,-0.69386476
E/MotionService: 0.04446954,0.07021808,-0.69386476
E/MotionService: 0.045009244,0.06433796,-0.7009646
E/MotionService: 0.04589343,0.052701626,-0.6935797
E/MotionService: 0.04589343,0.052701626,-0.6935797
E/MotionService: 0.04589343,0.052701626,-0.6907008
E/MotionService: 0.046588976,0.04145782,-0.6701831
E/MotionService: 0.046588976,0.04145782,-0.6701831
E/MotionService: 0.046888467,0.035701912,-0.6861577
E/MotionService: 0.04729093,0.023988567,-0.69816977
E/MotionService: 0.04729093,0.023988567,-0.69816977
E/MotionService: 0.04729093,0.023988567,-0.7177097
E/MotionService: 0.04749502,0.012164719,-0.70475626
E/MotionService: 0.04749502,0.012164719,-0.70475626
E/MotionService: 0.0475485,0.0063752565,-0.6901578
E/MotionService: 0.047555476,8.3177397E-4,-0.6608346
E/MotionService: 0.047555476,8.3177397E-4,-0.6608346
E/MotionService: 0.04751611,-0.004692509,-0.65854585
E/MotionService: 0.04725567,-0.015523525,-0.64557886
E/MotionService: 0.04725567,-0.015523525,-0.64557886
E/MotionService: 0.04725567,-0.015523525,-0.63254213
E/MotionService: 0.04681941,-0.026002873,-0.62461776
E/MotionService: 0.04681941,-0.026002873,-0.62461776
E/MotionService: 0.046558566,-0.031095263,-0.60706013
E/MotionService: 0.04587152,-0.040951278,-0.5874644
E/MotionService: 0.04587152,-0.040951278,-0.5874644
E/MotionService: 0.04587152,-0.040951278,-0.5672678
E/MotionService: 0.04502844,-0.05025136,-0.55432814
E/MotionService: 0.04502844,-0.05025136,-0.55432814
E/MotionService: 0.04456763,-0.054932777,-0.5580682
E/MotionService: 0.04406626,-0.059767548,-0.5763498
E/MotionService: 0.04406626,-0.059767548,-0.5763498
E/MotionService: 0.04352453,-0.0645794,-0.57361764
E/MotionService: 0.04228025,-0.07416497,-0.5713446
E/MotionService: 0.04228025,-0.07416497,-0.5713446
E/MotionService: 0.04228025,-0.07416497,-0.5708525
E/MotionService: 0.040878136,-0.08357246,-0.5607301
E/MotionService: 0.040878136,-0.08357246,-0.5607301
E/MotionService: 0.04013906,-0.08810482,-0.54029936
E/MotionService: 0.03936368,-0.092432655,-0.5159177
E/MotionService: 0.03936368,-0.092432655,-0.5159177
E/MotionService: 0.03855238,-0.09671417,-0.5103961
E/MotionService: 0.03678289,-0.105469756,-0.52187353
E/MotionService: 0.03678289,-0.105469756,-0.52187353
E/MotionService: 0.035860237,-0.10998874,-0.5387054
E/MotionService: 0.03489837,-0.114663325,-0.55725384
E/MotionService: 0.03489837,-0.114663325,-0.55725384
E/MotionService: 0.033896692,-0.11940945,-0.565782
E/MotionService: 0.031731613,-0.12904882,-0.57455146
E/MotionService: 0.031731613,-0.12904882,-0.57455146
E/MotionService: 0.031731613,-0.12904882,-0.5751109
E/MotionService: 0.029411007,-0.13831896,-0.55254287
E/MotionService: 0.029411007,-0.13831896,-0.55254287
E/MotionService: 0.028213527,-0.14275068,-0.5283023
E/MotionService: 0.02697963,-0.1470918,-0.5175021
E/MotionService: 0.02697963,-0.1470918,-0.5175021
E/MotionService: 0.025709078,-0.15146182,-0.5209462
E/MotionService: 0.023020878,-0.16022922,-0.52257776
E/MotionService: 0.023020878,-0.16022922,-0.52257776
E/MotionService: 0.023020878,-0.16022922,-0.5176365
E/MotionService: 0.020185195,-0.16901994,-0.5239675
E/MotionService: 0.020185195,-0.16901994,-0.5239675
E/MotionService: 0.018730963,-0.17335801,-0.5171388
E/MotionService: 0.015676795,-0.18204258,-0.517641
E/MotionService: 0.015676795,-0.18204258,-0.517641
E/MotionService: 0.015676795,-0.18204258,-0.5143921
E/MotionService: 0.012479465,-0.19057569,-0.50861233
E/MotionService: 0.012479465,-0.19057569,-0.50861233
E/MotionService: 0.010846499,-0.19466476,-0.4874555
E/MotionService: 0.009180514,-0.19860092,-0.46922693
E/MotionService: 0.009180514,-0.19860092,-0.46922693
E/MotionService: 0.0074819536,-0.20248419,-0.4629225
E/MotionService: 0.003952193,-0.21039014,-0.4712311
E/MotionService: 0.003952193,-0.21039014,-0.4712311
E/MotionService: 0.003952193,-0.21039014,-0.48471534
E/MotionService: 2.8297165E-4,-0.21870264,-0.49546424
E/MotionService: 2.8297165E-4,-0.21870264,-0.49546424
E/MotionService: -0.0015863144,-0.22283627,-0.49276638
E/MotionService: -0.003489541,-0.2268823,-0.48232293
E/MotionService: -0.003489541,-0.2268823,-0.48232293
E/MotionService: -0.005425586,-0.23079455,-0.46637627
E/MotionService: -0.009426545,-0.23847581,-0.4578389
E/MotionService: -0.009426545,-0.23847581,-0.4578389
E/MotionService: -0.011458257,-0.24219894,-0.44383234
E/MotionService: -0.01352146,-0.24595292,-0.4475084
E/MotionService: -0.01352146,-0.24595292,-0.4475084
