E/MotionService: -1.570407E-5,-0.0018720712,-0.22316828
E/MotionService: -1.570407E-5,-0.0018720712,-0.22316828
E/MotionService: -3.4456676E-5,-0.0022354848,-0.043322265
E/MotionService: -9.884522E-5,-0.003070285,-0.03980638
E/MotionService: -9.884522E-5,-0.003070285,-0.03980638
E/MotionService: -9.884522E-5,-0.003070285,0.13292216
E/MotionService: -8.854554E-5,8.185457E-4,0.30905652
E/MotionService: -8.854554E-5,8.185457E-4,0.30905652
E/MotionService: -8.213618E-5,0.0015281094,0.16917318
E/MotionService: -5.2074996E-5,0.0023890487,0.06842132
E/MotionService: -5.2074996E-5,0.0023890487,0.06842132
E/MotionService: -3.1084382E-5,0.0025022763,0.013497796
E/MotionService: -8.88722E-6,0.0010584432,-0.06884733
E/MotionService: -8.88722E-6,0.0010584432,-0.06884733
E/MotionService: -8.88722E-6,0.0010584432,0.30950046
E/MotionService: 4.729462E-5,0.004464932,0.2707234
E/MotionService: 4.729462E-5,0.004464932,0.2707234
E/MotionService: 9.9122124E-5,0.0061783204,0.20425181
E/MotionService: 1.9519514E-4,0.007635197,0.11578217
E/MotionService: 1.9519514E-4,0.007635197,0.11578217
E/MotionService: 2.6913534E-4,0.008814359,0.14056712
E/MotionService: 3.5154424E-4,0.009823905,0.12034725
E/MotionService: 3.5154424E-4,0.009823905,0.12034725
E/MotionService: 4.4053356E-4,0.010608355,0.09351365
E/MotionService: 6.2737346E-4,0.0148487,0.33699238
E/MotionService: 6.2737346E-4,0.0148487,0.33699238
E/MotionService: 8.031016E-4,0.020948425,0.7271439
E/MotionService: 0.0011440162,0.027093459,0.48836347
E/MotionService: 0.0011440162,0.027093459,0.48836347
E/MotionService: 0.0013935228,0.029743511,0.31591097
E/MotionService: 0.0018629774,0.037308898,0.601243
E/MotionService: 0.0018629774,0.037308898,0.601243
E/MotionService: 0.0022269012,0.043383114,0.724103
E/MotionService: 0.002634858,0.04863224,0.6257448
E/MotionService: 0.0028498448,0.051256806,0.6257448
E/MotionService: 0.0033232733,0.056437064,0.6175349
E/MotionService: 0.0038343666,0.060927074,0.5352511
E/MotionService: 0.0038343666,0.060927074,0.5352511
E/MotionService: 0.0043746135,0.064402476,0.4143005
E/MotionService: 0.0052321483,0.06815075,0.2978863
E/MotionService: 0.0052321483,0.06815075,0.2978863
E/MotionService: 0.0058183107,0.06987599,0.20566471
E/MotionService: 0.0067183156,0.07152596,0.13112742
E/MotionService: 0.0067183156,0.07152596,0.13112742
E/MotionService: 0.007322901,0.07207218,0.06511383
E/MotionService: 0.008230789,0.07215243,0.0063775517
E/MotionService: 0.008230789,0.07215243,0.0063775517
E/MotionService: 0.008833674,0.07186949,-0.033728827
E/MotionService: 0.009433471,0.07150132,-0.04388898
E/MotionService: 0.009433471,0.07150132,-0.04388898
E/MotionService: 0.010327114,0.07102035,-0.038224168
E/MotionService: 0.010920646,0.07075449,-0.031692468
E/MotionService: 0.010920646,0.07075449,-0.031692468
E/MotionService: 0.011511834,0.07047522,-0.03329155
E/MotionService: 0.012395341,0.07021478,-0.020698346
E/MotionService: 0.012395341,0.07021478,-0.020698346
E/MotionService: 0.012983706,0.07013851,-0.009092657
E/MotionService: 0.013866536,0.07016105,0.0017914716
E/MotionService: 0.013866536,0.07016105,0.0017914716
E/MotionService: 0.014160997,0.07020494,0.010464307
E/MotionService: 0.015045133,0.07026487,0.00476214
E/MotionService: 0.015045133,0.07026487,0.00476214
E/MotionService: 0.015635336,0.07035754,0.011046743
E/MotionService: 0.016522078,0.070471935,0.009091627
E/MotionService: 0.016522078,0.070471935,0.009091627
E/MotionService: 0.017115083,0.07069166,0.02619309
E/MotionService: 0.018021898,0.072067305,0.109326206
E/MotionService: 0.018021898,0.072067305,0.109326206
E/MotionService: 0.018651105,0.07500725,0.35046923
E/MotionService: 0.019719375,0.084898524,0.78608775
E/MotionService: 0.019719375,0.084898524,0.78608775
E/MotionService: 0.020528555,0.09646169,1.3784373
E/MotionService: 0.022075726,0.12295812,2.1057477
E/MotionService: 0.022075726,0.12295812,2.1057477
E/MotionService: 0.02331952,0.14827187,3.0176344
E/MotionService: 0.025840083,0.20031643,4.1361303
E/MotionService: 0.025840083,0.20031643,4.1361303
E/MotionService: 0.026775172,0.22294264,5.3945084
E/MotionService: 0.030629395,0.30630612,6.6251345
E/MotionService: 0.030629395,0.30630612,6.6251345
E/MotionService: 0.033743083,0.37118074,7.733659
E/MotionService: 0.039804555,0.48172253,8.785071
E/MotionService: 0.039804555,0.48172253,8.785071
E/MotionService: 0.044521295,0.5622791,9.603094
E/MotionService: 0.053222574,0.6915158,10.270809
E/MotionService: 0.053222574,0.6915158,10.270809
E/MotionService: 0.0563118,0.7365293,10.732048
E/MotionService: 0.06733818,0.8762982,11.107836
E/MotionService: 0.06733818,0.8762982,11.107836
E/MotionService: 0.07547648,0.9701608,11.189295
E/MotionService: 0.089445725,1.1101755,11.127371
E/MotionService: 0.089445725,1.1101755,11.127371
E/MotionService: 0.09952504,1.201548,10.892452
E/MotionService: 0.11633711,1.3361036,10.693517
E/MotionService: 0.11633711,1.3361036,10.693517
E/MotionService: 0.12827352,1.4229311,10.35064
E/MotionService: 0.14776413,1.5489755,10.017112
E/MotionService: 0.14776413,1.5489755,10.017112
E/MotionService: 0.16142106,1.6280334,9.424442
E/MotionService: 0.18330589,1.7392507,8.838751
E/MotionService: 0.18330589,1.7392507,8.838751
E/MotionService: 0.19845705,1.806159,7.9761057
E/MotionService: 0.22227922,1.8932163,6.918685
E/MotionService: 0.22227922,1.8932163,6.918685
E/MotionService: 0.238541,1.9385563,5.404952
E/MotionService: 0.25505635,1.968782,3.603177
E/MotionService: 0.25505635,1.968782,3.603177
E/MotionService: 0.27167928,1.9816076,1.5289278
E/MotionService: 0.29649457,1.9721433,-0.75215054
E/MotionService: 0.29649457,1.9721433,-0.75215054
E/MotionService: 0.31280437,1.9442809,-3.3214612
E/MotionService: 0.33632007,1.868859,-5.9939833
E/MotionService: 0.33632007,1.868859,-5.9939833
E/MotionService: 0.3439963,1.8301513,-9.228653
E/MotionService: 0.36504325,1.6726623,-12.516106
E/MotionService: 0.36504325,1.6726623,-12.516106
E/MotionService: 0.37795094,1.5387155,-15.967701
E/MotionService: 0.39430794,1.2999372,-18.976395
E/MotionService: 0.39430794,1.2999372,-18.976395
E/MotionService: 0.40369946,1.1195562,-21.503094
E/MotionService: 0.414138,0.82958114,-23.045145
E/MotionService: 0.414138,0.82958114,-23.045145
E/MotionService: 0.41939452,0.6266287,-24.193817
E/MotionService: 0.42339617,0.3180217,-24.52588
E/MotionService: 0.42339617,0.3180217,-24.52588
E/MotionService: 0.4243539,0.11416957,-24.301071
E/MotionService: 0.42210734,-0.17854086,-23.262535
E/MotionService: 0.42210734,-0.17854086,-23.262535
E/MotionService: 0.41913226,-0.35465592,-20.994553
E/MotionService: 0.41485563,-0.5098133,-18.496199
E/MotionService: 0.41239193,-0.587392,-18.496199
E/MotionService: 0.40964422,-0.6551093,-16.145061
E/MotionService: 0.39915127,-0.83390594,-14.209479
E/MotionService: 0.39915127,-0.83390594,-14.209479
E/MotionService: 0.39127415,-0.9390234,-12.530975
E/MotionService: 0.37772012,-1.0771786,-10.979593
E/MotionService: 0.37772012,-1.0771786,-10.979593
E/MotionService: 0.3680233,-1.1559517,-9.390497
E/MotionService: 0.35222155,-1.2558117,-7.936157
E/MotionService: 0.35222155,-1.2558117,-7.936157
E/MotionService: 0.34121853,-1.3116633,-6.6580224
E/MotionService: 0.3238251,-1.3823068,-5.6142426
E/MotionService: 0.3238251,-1.3823068,-5.6142426
E/MotionService: 0.31794485,-1.4019607,-4.685852
E/MotionService: 0.29968092,-1.4514878,-3.9360592
E/MotionService: 0.29968092,-1.4514878,-3.9360592
E/MotionService: 0.28726482,-1.4801137,-3.4124782
E/MotionService: 0.26816905,-1.5175953,-2.9787629
E/MotionService: 0.26816905,-1.5175953,-2.9787629
E/MotionService: 0.2552453,-1.5406299,-2.7459397
E/MotionService: 0.23544513,-1.5735762,-2.6183453
E/MotionService: 0.23544513,-1.5735762,-2.6183453
E/MotionService: 0.2220634,-1.5952246,-2.5806916
E/MotionService: 0.208501,-1.6167657,-2.567901
E/MotionService: 0.208501,-1.6167657,-2.567901
E/MotionService: 0.19475672,-1.6384451,-2.5843909
E/MotionService: 0.17372882,-1.6711473,-2.5989425
E/MotionService: 0.17372882,-1.6711473,-2.5989425
E/MotionService: 0.15952986,-1.6926486,-2.5631526
E/MotionService: 0.13784188,-1.7236063,-2.4603
E/MotionService: 0.13784188,-1.7236063,-2.4603
E/MotionService: 0.12322094,-1.7429519,-2.306159
E/MotionService: 0.1009605,-1.7691013,-2.0781677
E/MotionService: 0.1009605,-1.7691013,-2.0781677
E/MotionService: 0.08598918,-1.7847213,-1.862052
E/MotionService: 0.0632696,-1.8055898,-1.6584854
E/MotionService: 0.0632696,-1.8055898,-1.6584854
E/MotionService: 0.05567018,-1.8118435,-1.4909968
E/MotionService: 0.032661475,-1.8285677,-1.3291217
E/MotionService: 0.032661475,-1.8285677,-1.3291217
E/MotionService: 0.01724078,-1.8382902,-1.1590036
E/MotionService: -0.006048633,-1.8508763,-1.0002587
E/MotionService: -0.006048633,-1.8508763,-1.0002587
E/MotionService: -0.021636274,-1.8581915,-0.8720328
E/MotionService: -0.045137033,-1.8676724,-0.75348043
E/MotionService: -0.045137033,-1.8676724,-0.75348043
E/MotionService: -0.06084789,-1.8728802,-0.6208216
E/MotionService: -0.084492855,-1.879133,-0.49692938
E/MotionService: -0.084492855,-1.879133,-0.49692938
E/MotionService: -0.100285545,-1.8826354,-0.4175202
E/MotionService: -0.12403489,-1.8874284,-0.3809154
E/MotionService: -0.12403489,-1.8874284,-0.3809154
E/MotionService: -0.13195778,-1.8889644,-0.36622435
E/MotionService: -0.15578258,-1.8934255,-0.35452992
E/MotionService: -0.15578258,-1.8934255,-0.35452992
E/MotionService: -0.17168973,-1.8962809,-0.34039873
E/MotionService: -0.19559856,-1.9001023,-0.303698
E/MotionService: -0.19559856,-1.9001023,-0.303698
E/MotionService: -0.21155904,-1.9026377,-0.30225593
E/MotionService: -0.23555261,-1.9068378,-0.33378983
E/MotionService: -0.23555261,-1.9068378,-0.33378983
E/MotionService: -0.24355692,-1.9083747,-0.36640978
E/MotionService: -0.26762763,-1.9129676,-0.36501253
E/MotionService: -0.26762763,-1.9129676,-0.36501253
E/MotionService: -0.28369895,-1.9158522,-0.3438783
E/MotionService: -0.30786005,-1.9201529,-0.34179154
E/MotionService: -0.30786005,-1.9201529,-0.34179154
E/MotionService: -0.3239919,-1.9230658,-0.3472429
E/MotionService: -0.34825036,-1.9278892,-0.38333744
E/MotionService: -0.34825036,-1.9278892,-0.38333744
E/MotionService: -0.36445296,-1.9314998,-0.43042094
E/MotionService: -0.38883543,-1.9377457,-0.49637443
E/MotionService: -0.38883543,-1.9377457,-0.49637443
E/MotionService: -0.40512812,-1.9422413,-0.5359168
E/MotionService: -0.42145938,-1.946836,-0.54773486
E/MotionService: -0.42963463,-1.9491334,-0.54773486
E/MotionService: -0.4378191,-1.9513257,-0.522681
E/MotionService: -0.46245104,-1.9575722,-0.49642783
E/MotionService: -0.46245104,-1.9575722,-0.49642783
E/MotionService: -0.47890761,-1.9617753,-0.5010462
E/MotionService: -0.50367725,-1.9685123,-0.53541136
E/MotionService: -0.50367725,-1.9685123,-0.53541136
E/MotionService: -0.52023053,-1.9733031,-0.5711082
E/MotionService: -0.5451572,-1.980995,-0.6113024
E/MotionService: -0.5451572,-1.980995,-0.6113024
E/MotionService: -0.5618199,-1.9863493,-0.6382847
E/MotionService: -0.5869194,-1.9947317,-0.6661644
E/MotionService: -0.5869194,-1.9947317,-0.6661644
E/MotionService: -0.6036995,-2.000341,-0.66867185
E/MotionService: -0.6205253,-2.005788,-0.6493384
E/MotionService: -0.6289496,-2.0085115,-0.6493384
E/MotionService: -0.64584184,-2.0137167,-0.62049294
E/MotionService: -0.66277635,-2.0187545,-0.6005473
E/MotionService: -0.67125416,-2.0212734,-0.6005473
E/MotionService: -0.67974216,-2.0236995,-0.5784558
E/MotionService: -0.7052957,-2.0308113,-0.56518614
E/MotionService: -0.7052957,-2.0308113,-0.56518614
E/MotionService: -0.72237074,-2.035508,-0.5598841
E/MotionService: -0.74807197,-2.042551,-0.5597291
E/MotionService: -0.74807197,-2.042551,-0.5597291
E/MotionService: -0.7652453,-2.0472229,-0.5569371
E/MotionService: -0.79109406,-2.0542736,-0.5603403
E/MotionService: -0.79109406,-2.0542736,-0.5603403
E/MotionService: -0.80836684,-2.0590718,-0.5719938
E/MotionService: -0.8343691,-2.0664766,-0.5884886
E/MotionService: -0.8343691,-2.0664766,-0.5884886
E/MotionService: -0.84304726,-2.0690246,-0.60750556
E/MotionService: -0.8691798,-2.0768285,-0.620195
E/MotionService: -0.8691798,-2.0768285,-0.620195
E/MotionService: -0.8866457,-2.082093,-0.62759036
E/MotionService: -0.9129432,-2.0899405,-0.6236702
E/MotionService: -0.9129432,-2.0899405,-0.6236702
E/MotionService: -0.93051946,-2.0952547,-0.6334841
E/MotionService: -0.9569841,-2.1032205,-0.6330587
E/MotionService: -0.9569841,-2.1032205,-0.6330587
E/MotionService: -0.97467154,-2.1085038,-0.6298164
E/MotionService: -1.0013,-2.1162422,-0.6149843
E/MotionService: -1.0013,-2.1162422,-0.6149843
E/MotionService: -1.0190941,-2.1212287,-0.59444577
E/MotionService: -1.0369279,-2.1259606,-0.5640785
E/MotionService: -1.0369279,-2.1259606,-0.5640785
E/MotionService: -1.0548012,-2.130656,-0.5597371
E/MotionService: -1.081699,-2.137645,-0.5554298
E/MotionService: -1.081699,-2.137645,-0.5554298
E/MotionService: -1.0996692,-2.1422172,-0.5450306
E/MotionService: -1.1267074,-2.1488054,-0.52358913
E/MotionService: -1.1267074,-2.1488054,-0.52358913
E/MotionService: -1.1447682,-2.1530125,-0.50153136
E/MotionService: -1.1719368,-2.1591623,-0.48873788
E/MotionService: -1.1719368,-2.1591623,-0.48873788
E/MotionService: -1.1810013,-2.1611674,-0.47804773
E/MotionService: -1.2082701,-2.167124,-0.47339466
E/MotionService: -1.2082701,-2.167124,-0.47339466
E/MotionService: -1.2264808,-2.1708927,-0.4492509
E/MotionService: -1.2538626,-2.1761043,-0.4141827
E/MotionService: -1.2538626,-2.1761043,-0.4141827
E/MotionService: -1.2721448,-2.1794012,-0.39302686
E/MotionService: -1.2996275,-2.1841335,-0.37609902
E/MotionService: -1.2996275,-2.1841335,-0.37609902
E/MotionService: -1.3179755,-2.187245,-0.37090093
E/MotionService: -1.3455592,-2.1921613,-0.39071882
E/MotionService: -1.3455592,-2.1921613,-0.39071882
E/MotionService: -1.3639761,-2.1954665,-0.39400342
E/MotionService: -1.3916649,-2.200502,-0.4001688
E/MotionService: -1.3916649,-2.200502,-0.4001688
E/MotionService: -1.4009016,-2.202186,-0.40154225
E/MotionService: -1.4286774,-2.2074258,-0.4164092
E/MotionService: -1.4286774,-2.2074258,-0.4164092
E/MotionService: -1.4472239,-2.2109063,-0.41491365
E/MotionService: -1.4751098,-2.2161744,-0.41867197
E/MotionService: -1.4751098,-2.2161744,-0.41867197
E/MotionService: -1.4937289,-2.2195635,-0.40400246
E/MotionService: -1.5217165,-2.2242546,-0.37282607
E/MotionService: -1.5217165,-2.2242546,-0.37282607
E/MotionService: -1.5403984,-2.2270594,-0.33434615
E/MotionService: -1.5591019,-2.22964,-0.3076377
E/MotionService: -1.5684592,-2.2309303,-0.3076377
E/MotionService: -1.5778215,-2.2321506,-0.29095137
E/MotionService: -1.6059508,-2.2355208,-0.2678506
E/MotionService: -1.6059508,-2.2355208,-0.2678506
E/MotionService: -1.6247221,-2.237718,-0.2619231
E/MotionService: -1.6529235,-2.2412438,-0.2801933
E/MotionService: -1.6529235,-2.2412438,-0.2801933
E/MotionService: -1.6717466,-2.243888,-0.31518814
E/MotionService: -1.7000376,-2.2483704,-0.3562322
E/MotionService: -1.7000376,-2.2483704,-0.3562322
E/MotionService: -1.7189258,-2.2516556,-0.39162508
E/MotionService: -1.7473227,-2.256775,-0.40684676
E/MotionService: -1.7473227,-2.256775,-0.40684676
E/MotionService: -1.7662834,-2.2602892,-0.41893846
E/MotionService: -1.7852743,-2.2638884,-0.42904603
E/MotionService: -1.7852743,-2.2638884,-0.42904603
E/MotionService: -1.804296,-2.2675755,-0.43954924
E/MotionService: -1.8328995,-2.2731998,-0.44696984
E/MotionService: -1.8328995,-2.2731998,-0.44696984
E/MotionService: -1.8520007,-2.2770512,-0.45912707
E/MotionService: -1.8807287,-2.283098,-0.48055074
E/MotionService: -1.8807287,-2.283098,-0.48055074
E/MotionService: -1.8999156,-2.2872555,-0.49561545
E/MotionService: -1.928779,-2.2938566,-0.5246147
E/MotionService: -1.928779,-2.2938566,-0.5246147
E/MotionService: -1.9384098,-2.2961533,-0.5475447
E/MotionService: -1.9770932,-2.3057115,-0.5697083
E/MotionService: -1.9770932,-2.3057115,-0.5697083
E/MotionService: -1.9867743,-2.3081665,-0.5853031
E/MotionService: -2.015913,-2.3157375,-0.6016823
E/MotionService: -2.015913,-2.3157375,-0.6016823
E/MotionService: -2.035382,-2.3208745,-0.612376
E/MotionService: -2.0646844,-2.3287468,-0.6256426
E/MotionService: -2.0646844,-2.3287468,-0.6256426
E/MotionService: -2.084264,-2.334074,-0.63504875
E/MotionService: -2.1137364,-2.3422592,-0.65050375
E/MotionService: -2.1137364,-2.3422592,-0.65050375
E/MotionService: -2.133431,-2.3477829,-0.65846896
E/MotionService: -2.1630764,-2.3560126,-0.6540399
E/MotionService: -2.1630764,-2.3560126,-0.6540399
E/MotionService: -2.1729698,-2.3587656,-0.6563825
E/MotionService: -2.2027524,-2.3669076,-0.6470646
E/MotionService: -2.2126913,-2.3696215,-0.6470646
E/MotionService: -2.2226415,-2.3722923,-0.6367827
E/MotionService: -2.2525923,-2.380275,-0.6344028
E/MotionService: -2.2525923,-2.380275,-0.6344028
E/MotionService: -2.2726033,-2.3854816,-0.62067145
E/MotionService: -2.3027136,-2.3929636,-0.59462273
E/MotionService: -2.3027136,-2.3929636,-0.59462273
E/MotionService: -2.3228273,-2.3977356,-0.56884944
E/MotionService: -2.3530865,-2.4047723,-0.5592207
E/MotionService: -2.3530865,-2.4047723,-0.5592207
E/MotionService: -2.3732982,-2.4094362,-0.5559881
E/MotionService: -2.3935483,-2.413987,-0.5424879
E/MotionService: -2.3935483,-2.413987,-0.5424879
E/MotionService: -2.4240062,-2.4205735,-0.52345
E/MotionService: -2.4443467,-2.424781,-0.50157344
E/MotionService: -2.4443467,-2.424781,-0.50157344
E/MotionService: -2.464722,-2.4289315,-0.49477664
E/MotionService: -2.4953637,-2.435198,-0.49801582
E/MotionService: -2.4953637,-2.435198,-0.49801582
E/MotionService: -2.5158267,-2.4393709,-0.49744207
E/MotionService: -2.5465999,-2.4456227,-0.49684036
E/MotionService: -2.5465999,-2.4456227,-0.49684036
E/MotionService: -2.5568662,-2.4476736,-0.48896113
E/MotionService: -2.5877411,-2.4537241,-0.48085445
E/MotionService: -2.5877411,-2.4537241,-0.48085445
E/MotionService: -2.6186922,-2.4597685,-0.48036677
E/MotionService: -2.639361,-2.4638996,-0.4924758
E/MotionService: -2.649704,-2.4659653,-0.4924758
E/MotionService: -2.660056,-2.4681334,-0.51691747
E/MotionService: -2.6911979,-2.4749238,-0.53965515
E/MotionService: -2.6911979,-2.4749238,-0.53965515
E/MotionService: -2.7119982,-2.4795926,-0.55656034
E/MotionService: -2.7432914,-2.4869661,-0.5859953
E/MotionService: -2.7432914,-2.4869661,-0.5859953
E/MotionService: -2.764197,-2.4921703,-0.62038255
E/MotionService: -2.7956572,-2.5002108,-0.639002
E/MotionService: -2.7956572,-2.5002108,-0.639002
E/MotionService: -2.816676,-2.505634,-0.64651453
E/MotionService: -2.848309,-2.5139854,-0.66370964
E/MotionService: -2.848309,-2.5139854,-0.66370964
E/MotionService: -2.8588657,-2.516921,-0.69990444
E/MotionService: -2.8906522,-2.5261629,-0.734478
E/MotionService: -2.8906522,-2.5261629,-0.734478
E/MotionService: -2.9118953,-2.5323868,-0.74196005
E/MotionService: -2.9438758,-2.5415852,-0.7310213
E/MotionService: -2.9438758,-2.5415852,-0.7310213
E/MotionService: -2.9652448,-2.5473678,-0.68934035
